GROUP,PACKAGE,CLASS,INSTRUCTION_MISSED,INSTRUCTION_COVERED,BRANCH_MISSED,BRANCH_COVERED,LINE_MISSED,LINE_COVERED,COMPLEXITY_MISSED,COMPLEXITY_COVERED,METHOD_MISSED,METHOD_COVERED
JaCoCo Coverage Report,org.apache.commons.math.stat.clustering,KMeansPlusPlusClusterer,231,0,24,0,55,0,17,0,5,0
JaCoCo Coverage Report,org.apache.commons.math.stat.clustering,Cluster,23,0,0,0,8,0,4,0,4,0
JaCoCo Coverage Report,org.apache.commons.math.stat.clustering,EuclideanIntegerPoint,178,0,20,0,34,0,17,0,7,0
JaCoCo Coverage Report,org.apache.commons.math,ArgumentOutsideDomainException,22,0,0,0,3,0,1,0,1,0
JaCoCo Coverage Report,org.apache.commons.math,MaxEvaluationsExceededException,25,0,0,0,7,0,3,0,3,0
JaCoCo Coverage Report,org.apache.commons.math,MathRuntimeException.new ArrayIndexOutOfBoundsException() {...},23,0,0,0,3,0,3,0,3,0
JaCoCo Coverage Report,org.apache.commons.math,MathRuntimeException.new ArithmeticException() {...},23,0,0,0,3,0,3,0,3,0
JaCoCo Coverage Report,org.apache.commons.math,MathRuntimeException.new ConcurrentModificationException() {...},23,0,0,0,3,0,3,0,3,0
JaCoCo Coverage Report,org.apache.commons.math,MathRuntimeException.new IllegalStateException() {...},23,0,0,0,3,0,3,0,3,0
JaCoCo Coverage Report,org.apache.commons.math,MathRuntimeException.new IllegalArgumentException() {...},23,0,0,0,3,0,3,0,3,0
JaCoCo Coverage Report,org.apache.commons.math,MathConfigurationException,18,0,0,0,8,0,4,0,4,0
JaCoCo Coverage Report,org.apache.commons.math,MathRuntimeException.new EOFException() {...},23,0,0,0,3,0,3,0,3,0
JaCoCo Coverage Report,org.apache.commons.math,MathRuntimeException.new ParseException() {...},25,0,0,0,3,0,3,0,3,0
JaCoCo Coverage Report,org.apache.commons.math,MathRuntimeException.new NullPointerException() {...},23,0,0,0,3,0,3,0,3,0
JaCoCo Coverage Report,org.apache.commons.math,MathRuntimeException.new NoSuchElementException() {...},23,0,0,0,3,0,3,0,3,0
JaCoCo Coverage Report,org.apache.commons.math,MathRuntimeException,212,0,8,0,51,0,28,0,24,0
JaCoCo Coverage Report,org.apache.commons.math,FunctionEvaluationException,111,0,0,0,25,0,9,0,9,0
JaCoCo Coverage Report,org.apache.commons.math,DuplicateSampleAbscissaException,28,0,0,0,4,0,2,0,2,0
JaCoCo Coverage Report,org.apache.commons.math,MathRuntimeException.new RuntimeException() {...},23,0,0,0,3,0,3,0,3,0
JaCoCo Coverage Report,org.apache.commons.math,MaxIterationsExceededException,25,0,0,0,7,0,3,0,3,0
JaCoCo Coverage Report,org.apache.commons.math,MathException,130,0,8,0,36,0,16,0,12,0
JaCoCo Coverage Report,org.apache.commons.math,MessagesResources_fr,3222,0,0,0,4,0,3,0,3,0
JaCoCo Coverage Report,org.apache.commons.math,DimensionMismatchException,28,0,0,0,6,0,3,0,3,0
JaCoCo Coverage Report,org.apache.commons.math,ConvergingAlgorithmImpl,64,0,0,0,25,0,11,0,11,0
JaCoCo Coverage Report,org.apache.commons.math,ConvergenceException,21,0,0,0,8,0,4,0,4,0
JaCoCo Coverage Report,org.apache.commons.math.analysis.integration,SimpsonIntegrator,157,0,12,0,33,0,11,0,5,0
JaCoCo Coverage Report,org.apache.commons.math.analysis.integration,LegendreGaussIntegrator,489,0,15,0,73,0,14,0,5,0
JaCoCo Coverage Report,org.apache.commons.math.analysis.integration,UnivariateRealIntegratorImpl,136,0,10,0,39,0,15,0,10,0
JaCoCo Coverage Report,org.apache.commons.math.analysis.integration,TrapezoidIntegrator,187,0,14,0,37,0,13,0,6,0
JaCoCo Coverage Report,org.apache.commons.math.analysis.integration,RombergIntegrator,181,0,12,0,37,0,11,0,5,0
JaCoCo Coverage Report,org.apache.commons.math.optimization.fitting,HarmonicFitter,115,0,4,0,25,0,6,0,4,0
JaCoCo Coverage Report,org.apache.commons.math.optimization.fitting,WeightedObservedPoint,21,0,0,0,8,0,4,0,4,0
JaCoCo Coverage Report,org.apache.commons.math.optimization.fitting,PolynomialFitter.ParametricPolynomial,45,0,4,0,10,0,4,0,2,0
JaCoCo Coverage Report,org.apache.commons.math.optimization.fitting,CurveFitter.TheoreticalValuesFunction,47,0,2,0,10,0,4,0,3,0
JaCoCo Coverage Report,org.apache.commons.math.optimization.fitting,PolynomialFitter,43,0,0,0,11,0,4,0,4,0
JaCoCo Coverage Report,org.apache.commons.math.optimization.fitting,HarmonicFunction,48,0,0,0,10,0,6,0,6,0
JaCoCo Coverage Report,org.apache.commons.math.optimization.fitting,CurveFitter,97,0,2,0,24,0,8,0,7,0
JaCoCo Coverage Report,org.apache.commons.math.optimization.fitting,CurveFitter.TheoreticalValuesFunction.new MultivariateMatrixFunction() {...},42,0,2,0,7,0,3,0,2,0
JaCoCo Coverage Report,org.apache.commons.math.optimization.fitting,HarmonicFitter.ParametricHarmonicFunction,68,0,0,0,11,0,2,0,2,0
JaCoCo Coverage Report,org.apache.commons.math.optimization.fitting,HarmonicCoefficientsGuesser,380,0,18,0,79,0,17,0,8,0
JaCoCo Coverage Report,org.apache.commons.math.stat,Frequency.NaturalComparator,4,0,0,0,1,0,1,0,1,0
JaCoCo Coverage Report,org.apache.commons.math.stat,StatUtils,287,0,12,0,53,0,32,0,26,0
JaCoCo Coverage Report,org.apache.commons.math.stat,Frequency,490,0,46,0,130,0,57,0,34,0
JaCoCo Coverage Report,org.apache.commons.math.optimization.linear,SimplexSolver,275,0,38,0,61,0,26,0,7,0
JaCoCo Coverage Report,org.apache.commons.math.optimization.linear,UnboundedSolutionException,6,0,0,0,2,0,1,0,1,0
JaCoCo Coverage Report,org.apache.commons.math.optimization.linear,LinearObjectiveFunction,91,0,8,0,23,0,14,0,10,0
JaCoCo Coverage Report,org.apache.commons.math.optimization.linear,AbstractLinearOptimizer,54,0,2,0,16,0,7,0,6,0
JaCoCo Coverage Report,org.apache.commons.math.optimization.linear,Relationship,59,0,3,0,12,0,6,0,4,0
JaCoCo Coverage Report,org.apache.commons.math.optimization.linear,SimplexTableau,991,0,116,0,177,0,89,0,31,0
JaCoCo Coverage Report,org.apache.commons.math.optimization.linear,NoFeasibleSolutionException,6,0,0,0,2,0,1,0,1,0
JaCoCo Coverage Report,org.apache.commons.math.optimization.linear,LinearConstraint,147,0,12,0,39,0,17,0,11,0
JaCoCo Coverage Report,org.apache.commons.math.special,Erf,17,0,2,0,4,0,2,0,1,0
JaCoCo Coverage Report,org.apache.commons.math.special,Beta,147,0,24,0,18,0,18,0,6,0
JaCoCo Coverage Report,org.apache.commons.math.special,Gamma.new ContinuedFraction() {...},27,0,0,0,3,0,3,0,3,0
JaCoCo Coverage Report,org.apache.commons.math.special,Beta.new ContinuedFraction() {...},87,0,2,0,8,0,4,0,3,0
JaCoCo Coverage Report,org.apache.commons.math.special,Gamma,434,0,52,0,56,0,34,0,8,0
JaCoCo Coverage Report,org.apache.commons.math.stat.inference,TestUtils,204,0,0,0,50,0,42,0,42,0
JaCoCo Coverage Report,org.apache.commons.math.stat.inference,OneWayAnovaImpl.AnovaStats,12,0,0,0,5,0,1,0,1,0
JaCoCo Coverage Report,org.apache.commons.math.stat.inference,ChiSquareTestImpl,835,0,82,0,141,0,58,0,17,0
JaCoCo Coverage Report,org.apache.commons.math.stat.inference,TTestImpl,629,0,28,0,104,0,47,0,33,0
JaCoCo Coverage Report,org.apache.commons.math.stat.inference,OneWayAnovaImpl,236,0,16,0,48,0,13,0,5,0
JaCoCo Coverage Report,org.apache.commons.math.estimation,GaussNewtonEstimator,242,0,18,0,47,0,14,0,5,0
JaCoCo Coverage Report,org.apache.commons.math.estimation,AbstractEstimator,413,0,22,0,80,0,23,0,12,0
JaCoCo Coverage Report,org.apache.commons.math.estimation,EstimationException,5,0,0,0,2,0,1,0,1,0
JaCoCo Coverage Report,org.apache.commons.math.estimation,EstimatedParameter,56,0,0,0,22,0,8,0,8,0
JaCoCo Coverage Report,org.apache.commons.math.estimation,LevenbergMarquardtEstimator,2103,0,196,0,351,0,108,0,10,0
JaCoCo Coverage Report,org.apache.commons.math.estimation,WeightedMeasurement,43,0,0,0,16,0,7,0,7,0
JaCoCo Coverage Report,org.apache.commons.math.estimation,SimpleEstimationProblem,76,0,4,0,16,0,8,0,6,0
JaCoCo Coverage Report,org.apache.commons.math.genetics,OnePointCrossover,107,0,10,0,21,0,8,0,3,0
JaCoCo Coverage Report,org.apache.commons.math.genetics,Chromosome,58,0,8,0,16,0,10,0,6,0
JaCoCo Coverage Report,org.apache.commons.math.genetics,InvalidRepresentationException,16,0,0,0,8,0,4,0,4,0
JaCoCo Coverage Report,org.apache.commons.math.genetics,RandomKeyMutation,47,0,2,0,10,0,3,0,2,0
JaCoCo Coverage Report,org.apache.commons.math.genetics,TournamentSelection.new ListPopulation() {...},9,0,0,0,2,0,2,0,2,0
JaCoCo Coverage Report,org.apache.commons.math.genetics,ListPopulation,102,0,10,0,31,0,16,0,11,0
JaCoCo Coverage Report,org.apache.commons.math.genetics,BinaryMutation,46,0,4,0,9,0,4,0,2,0
JaCoCo Coverage Report,org.apache.commons.math.genetics,GeneticAlgorithm,162,0,18,0,43,0,21,0,12,0
JaCoCo Coverage Report,org.apache.commons.math.genetics,RandomKey,341,0,32,0,66,0,28,0,12,0
JaCoCo Coverage Report,org.apache.commons.math.genetics,ElitisticListPopulation,81,0,6,0,19,0,8,0,5,0
JaCoCo Coverage Report,org.apache.commons.math.genetics,ChromosomePair,30,0,0,0,7,0,4,0,4,0
JaCoCo Coverage Report,org.apache.commons.math.genetics,TournamentSelection,74,0,4,0,18,0,7,0,5,0
JaCoCo Coverage Report,org.apache.commons.math.genetics,AbstractListChromosome,58,0,0,0,12,0,5,0,5,0
JaCoCo Coverage Report,org.apache.commons.math.genetics,BinaryChromosome,91,0,16,0,22,0,13,0,5,0
JaCoCo Coverage Report,org.apache.commons.math.genetics,FixedGenerationCount,34,0,4,0,11,0,5,0,3,0
JaCoCo Coverage Report,org.apache.commons.math.ode.jacobians,FirstOrderIntegratorWithJacobians.StepInterpolatorWrapper,478,0,18,0,107,0,31,0,22,0
JaCoCo Coverage Report,org.apache.commons.math.ode.jacobians,FirstOrderIntegratorWithJacobians.StepHandlerWrapper,36,0,0,0,11,0,5,0,5,0
JaCoCo Coverage Report,org.apache.commons.math.ode.jacobians,FirstOrderIntegratorWithJacobians.EventHandlerWrapper,81,0,0,0,14,0,5,0,5,0
JaCoCo Coverage Report,org.apache.commons.math.ode.jacobians,FirstOrderIntegratorWithJacobians,372,0,22,0,76,0,27,0,16,0
JaCoCo Coverage Report,org.apache.commons.math.ode.jacobians,FirstOrderIntegratorWithJacobians.MappingWrapper,237,0,14,0,41,0,10,0,3,0
JaCoCo Coverage Report,org.apache.commons.math.ode.jacobians,FirstOrderIntegratorWithJacobians.FiniteDifferencesWrapper,194,0,10,0,30,0,10,0,5,0
JaCoCo Coverage Report,org.apache.commons.math.optimization.general,NonLinearConjugateGradientOptimizer,374,0,40,0,74,0,26,0,6,0
JaCoCo Coverage Report,org.apache.commons.math.optimization.general,ConjugateGradientFormula,24,0,0,0,3,0,1,0,1,0
JaCoCo Coverage Report,org.apache.commons.math.optimization.general,NonLinearConjugateGradientOptimizer.IdentityPreconditioner,4,0,0,0,1,0,1,0,1,0
JaCoCo Coverage Report,org.apache.commons.math.optimization.general,GaussNewtonOptimizer,190,0,16,0,38,0,10,0,2,0
JaCoCo Coverage Report,org.apache.commons.math.optimization.general,NonLinearConjugateGradientOptimizer.LineSearchFunction,63,0,4,0,11,0,4,0,2,0
JaCoCo Coverage Report,org.apache.commons.math.optimization.general,AbstractScalarDifferentiableOptimizer,127,0,4,0,33,0,16,0,14,0
JaCoCo Coverage Report,org.apache.commons.math.optimization.general,LevenbergMarquardtOptimizer,1931,116,200,0,303,36,104,6,4,6
JaCoCo Coverage Report,org.apache.commons.math.optimization.general,AbstractLeastSquaresOptimizer,358,178,24,6,56,40,24,9,10,8
JaCoCo Coverage Report,org.apache.commons.math.stat.regression,AbstractMultipleLinearRegression,267,0,26,0,47,0,25,0,12,0
JaCoCo Coverage Report,org.apache.commons.math.stat.regression,GLSMultipleLinearRegression,116,0,2,0,24,0,8,0,7,0
JaCoCo Coverage Report,org.apache.commons.math.stat.regression,SimpleRegression,604,0,32,0,101,0,43,0,27,0
JaCoCo Coverage Report,org.apache.commons.math.stat.regression,OLSMultipleLinearRegression,157,0,8,0,31,0,12,0,8,0
JaCoCo Coverage Report,org.apache.commons.math.ode.sampling,StepNormalizer,157,0,14,0,32,0,11,0,4,0
JaCoCo Coverage Report,org.apache.commons.math.ode.sampling,AbstractStepInterpolator,421,0,26,0,116,0,31,0,18,0
JaCoCo Coverage Report,org.apache.commons.math.ode.sampling,DummyStepHandler.LazyHolder,6,0,0,0,1,0,1,0,1,0
JaCoCo Coverage Report,org.apache.commons.math.ode.sampling,DummyStepHandler,8,0,0,0,5,0,5,0,5,0
JaCoCo Coverage Report,org.apache.commons.math.ode.sampling,NordsieckStepInterpolator,412,0,38,0,87,0,29,0,10,0
JaCoCo Coverage Report,org.apache.commons.math.ode.sampling,DummyStepInterpolator,108,0,8,0,26,0,11,0,7,0
JaCoCo Coverage Report,org.apache.commons.math.analysis.polynomials,PolynomialFunctionNewtonForm,256,0,16,0,44,0,17,0,9,0
JaCoCo Coverage Report,org.apache.commons.math.analysis.polynomials,PolynomialSplineFunction,237,0,20,0,39,0,18,0,8,0
JaCoCo Coverage Report,org.apache.commons.math.analysis.polynomials,PolynomialFunctionLagrangeForm,548,0,40,0,89,0,29,0,9,0
JaCoCo Coverage Report,org.apache.commons.math.analysis.polynomials,PolynomialFunction,527,0,56,0,94,0,43,0,15,0
JaCoCo Coverage Report,org.apache.commons.math.analysis.polynomials,PolynomialsUtils.new PolynomialsUtils.RecurrenceCoefficientsGenerator() {...},23,0,0,0,2,0,2,0,2,0
JaCoCo Coverage Report,org.apache.commons.math.analysis.polynomials,PolynomialsUtils.new PolynomialsUtils.RecurrenceCoefficientsGenerator() {...},22,0,0,0,3,0,2,0,2,0
JaCoCo Coverage Report,org.apache.commons.math.analysis.polynomials,PolynomialsUtils.new PolynomialsUtils.RecurrenceCoefficientsGenerator() {...},32,0,0,0,3,0,2,0,2,0
JaCoCo Coverage Report,org.apache.commons.math.analysis.polynomials,PolynomialsUtils.new PolynomialsUtils.RecurrenceCoefficientsGenerator() {...},38,0,0,0,3,0,2,0,2,0
JaCoCo Coverage Report,org.apache.commons.math.analysis.polynomials,PolynomialsUtils,278,0,8,0,49,0,11,0,7,0
JaCoCo Coverage Report,org.apache.commons.math.distribution,TDistributionImpl,141,0,10,0,35,0,17,0,12,0
JaCoCo Coverage Report,org.apache.commons.math.distribution,ExponentialDistributionImpl,150,0,16,0,37,0,21,0,13,0
JaCoCo Coverage Report,org.apache.commons.math.distribution,SaddlePointExpansion,384,0,16,0,42,0,12,0,4,0
JaCoCo Coverage Report,org.apache.commons.math.distribution,ChiSquaredDistributionImpl,134,0,8,0,39,0,20,0,16,0
JaCoCo Coverage Report,org.apache.commons.math.distribution,ZipfDistributionImpl,127,0,14,0,34,0,19,0,12,0
JaCoCo Coverage Report,org.apache.commons.math.distribution,NormalDistributionImpl,211,0,18,0,56,0,27,0,18,0
JaCoCo Coverage Report,org.apache.commons.math.distribution,GammaDistributionImpl,178,0,16,0,45,0,24,0,16,0
JaCoCo Coverage Report,org.apache.commons.math.distribution,WeibullDistributionImpl,199,0,16,0,46,0,23,0,15,0
JaCoCo Coverage Report,org.apache.commons.math.distribution,PoissonDistributionImpl,182,0,12,0,49,0,20,0,14,0
JaCoCo Coverage Report,org.apache.commons.math.distribution,BetaDistributionImpl,200,0,22,0,51,0,27,0,16,0
JaCoCo Coverage Report,org.apache.commons.math.distribution,PascalDistributionImpl,147,0,14,0,38,0,19,0,12,0
JaCoCo Coverage Report,org.apache.commons.math.distribution,AbstractContinuousDistribution,111,0,8,0,24,0,8,0,4,0
JaCoCo Coverage Report,org.apache.commons.math.distribution,AbstractIntegerDistribution,220,0,24,0,49,0,19,0,7,0
JaCoCo Coverage Report,org.apache.commons.math.distribution,AbstractDistribution,30,0,2,0,6,0,3,0,2,0
JaCoCo Coverage Report,org.apache.commons.math.distribution,FDistributionImpl,197,0,12,0,50,0,21,0,15,0
JaCoCo Coverage Report,org.apache.commons.math.distribution,BinomialDistributionImpl,144,0,18,0,37,0,21,0,12,0
JaCoCo Coverage Report,org.apache.commons.math.distribution,CauchyDistributionImpl,209,0,18,0,51,0,25,0,16,0
JaCoCo Coverage Report,org.apache.commons.math.distribution,AbstractContinuousDistribution.new UnivariateRealFunction() {...},55,0,2,0,10,0,3,0,2,0
JaCoCo Coverage Report,org.apache.commons.math.distribution,HypergeometricDistributionImpl,366,0,24,0,76,0,32,0,20,0
JaCoCo Coverage Report,org.apache.commons.math.geometry,CardanEulerSingularityException,10,0,2,0,2,0,2,0,1,0
JaCoCo Coverage Report,org.apache.commons.math.geometry,Rotation,3217,0,122,0,397,0,83,0,22,0
JaCoCo Coverage Report,org.apache.commons.math.geometry,NotARotationMatrixException,5,0,0,0,2,0,1,0,1,0
JaCoCo Coverage Report,org.apache.commons.math.geometry,Vector3D,954,0,48,0,116,0,60,0,36,0
JaCoCo Coverage Report,org.apache.commons.math.geometry,Vector3DFormat,301,0,18,0,73,0,26,0,17,0
JaCoCo Coverage Report,org.apache.commons.math.geometry,RotationOrder,124,0,0,0,22,0,6,0,6,0
JaCoCo Coverage Report,org.apache.commons.math.util,OpenIntToDoubleHashMap.Iterator,119,0,16,0,28,0,13,0,5,0
JaCoCo Coverage Report,org.apache.commons.math.util,TransformerMap,170,0,20,0,41,0,22,0,12,0
JaCoCo Coverage Report,org.apache.commons.math.util,OpenIntToFieldHashMap,708,0,68,0,160,0,59,0,25,0
JaCoCo Coverage Report,org.apache.commons.math.util,OpenIntToFieldHashMap.Iterator,119,0,16,0,28,0,13,0,5,0
JaCoCo Coverage Report,org.apache.commons.math.util,ResizableDoubleArray,1012,0,82,0,205,0,79,0,38,0
JaCoCo Coverage Report,org.apache.commons.math.util,DefaultTransformer,52,0,8,0,15,0,8,0,4,0
JaCoCo Coverage Report,org.apache.commons.math.util,OpenIntToDoubleHashMap,682,0,68,0,157,0,58,0,24,0
JaCoCo Coverage Report,org.apache.commons.math.util,CompositeFormat,219,0,28,0,57,0,23,0,9,0
JaCoCo Coverage Report,org.apache.commons.math.util,BigReal,367,0,4,0,75,0,34,0,32,0
JaCoCo Coverage Report,org.apache.commons.math.util,BigRealField.LazyHolder,6,0,0,0,1,0,1,0,1,0
JaCoCo Coverage Report,org.apache.commons.math.util,MathUtils,2491,0,393,0,473,0,264,0,64,0
JaCoCo Coverage Report,org.apache.commons.math.util,ContinuedFraction,260,0,30,0,58,0,20,0,5,0
JaCoCo Coverage Report,org.apache.commons.math.util,BigRealField,8,0,0,0,4,0,4,0,4,0
JaCoCo Coverage Report,org.apache.commons.math.transform,FastSineTransformer,270,0,8,0,45,0,14,0,10,0
JaCoCo Coverage Report,org.apache.commons.math.transform,FastHadamardTransformer,236,0,16,0,44,0,16,0,8,0
JaCoCo Coverage Report,org.apache.commons.math.transform,FastFourierTransformer.RootsOfUnity,243,0,24,0,43,0,17,0,5,0
JaCoCo Coverage Report,org.apache.commons.math.transform,FastFourierTransformer,970,0,64,0,154,0,56,0,24,0
JaCoCo Coverage Report,org.apache.commons.math.transform,FastCosineTransformer,328,0,8,0,46,0,14,0,10,0
JaCoCo Coverage Report,org.apache.commons.math.transform,FastFourierTransformer.MultiDimensionalComplexMatrix,340,0,30,0,65,0,22,0,7,0
JaCoCo Coverage Report,org.apache.commons.math.ode.nonstiff,HighamHall54StepInterpolator,267,0,2,0,25,0,5,0,4,0
JaCoCo Coverage Report,org.apache.commons.math.ode.nonstiff,ClassicalRungeKuttaIntegrator,88,0,0,0,5,0,2,0,2,0
JaCoCo Coverage Report,org.apache.commons.math.ode.nonstiff,DormandPrince853StepInterpolator,1429,0,42,0,113,0,31,0,10,0
JaCoCo Coverage Report,org.apache.commons.math.ode.nonstiff,DormandPrince54StepInterpolator,367,0,10,0,58,0,11,0,6,0
JaCoCo Coverage Report,org.apache.commons.math.ode.nonstiff,AdaptiveStepsizeIntegrator,423,0,46,0,83,0,33,0,10,0
JaCoCo Coverage Report,org.apache.commons.math.ode.nonstiff,ThreeEighthesStepInterpolator,171,0,2,0,23,0,5,0,4,0
JaCoCo Coverage Report,org.apache.commons.math.ode.nonstiff,EulerStepInterpolator,51,0,2,0,9,0,5,0,4,0
JaCoCo Coverage Report,org.apache.commons.math.ode.nonstiff,RungeKuttaIntegrator,424,0,40,0,76,0,22,0,2,0
JaCoCo Coverage Report,org.apache.commons.math.ode.nonstiff,AdamsIntegrator,46,0,0,0,10,0,5,0,5,0
JaCoCo Coverage Report,org.apache.commons.math.ode.nonstiff,GraggBulirschStoerStepInterpolator,897,0,58,0,136,0,39,0,10,0
JaCoCo Coverage Report,org.apache.commons.math.ode.nonstiff,MidpointIntegrator,42,0,0,0,5,0,2,0,2,0
JaCoCo Coverage Report,org.apache.commons.math.ode.nonstiff,MidpointStepInterpolator,81,0,2,0,15,0,5,0,4,0
JaCoCo Coverage Report,org.apache.commons.math.ode.nonstiff,GillStepInterpolator,180,0,2,0,30,0,6,0,5,0
JaCoCo Coverage Report,org.apache.commons.math.ode.nonstiff,DormandPrince54Integrator,318,0,4,0,18,0,7,0,5,0
JaCoCo Coverage Report,org.apache.commons.math.ode.nonstiff,ClassicalRungeKuttaStepInterpolator,150,0,2,0,22,0,5,0,4,0
JaCoCo Coverage Report,org.apache.commons.math.ode.nonstiff,DormandPrince853Integrator,895,0,6,0,45,0,8,0,5,0
JaCoCo Coverage Report,org.apache.commons.math.ode.nonstiff,EmbeddedRungeKuttaIntegrator,669,0,58,0,128,0,38,0,9,0
JaCoCo Coverage Report,org.apache.commons.math.ode.nonstiff,GraggBulirschStoerIntegrator,2189,0,282,0,345,0,155,0,13,0
JaCoCo Coverage Report,org.apache.commons.math.ode.nonstiff,GillIntegrator,117,0,0,0,8,0,2,0,2,0
JaCoCo Coverage Report,org.apache.commons.math.ode.nonstiff,AdamsMoultonIntegrator.Corrector,140,0,6,0,22,0,7,0,4,0
JaCoCo Coverage Report,org.apache.commons.math.ode.nonstiff,AdamsNordsieckTransformer,280,0,18,0,53,0,17,0,8,0
JaCoCo Coverage Report,org.apache.commons.math.ode.nonstiff,RungeKuttaStepInterpolator,188,0,24,0,40,0,17,0,5,0
JaCoCo Coverage Report,org.apache.commons.math.ode.nonstiff,AdamsNordsieckTransformer.new DefaultFieldMatrixChangingVisitor() {...},17,0,2,0,2,0,3,0,2,0
JaCoCo Coverage Report,org.apache.commons.math.ode.nonstiff,HighamHall54Integrator,331,0,6,0,21,0,8,0,5,0
JaCoCo Coverage Report,org.apache.commons.math.ode.nonstiff,AdamsBashforthIntegrator,483,0,36,0,102,0,21,0,3,0
JaCoCo Coverage Report,org.apache.commons.math.ode.nonstiff,AdamsMoultonIntegrator,464,0,34,0,98,0,20,0,3,0
JaCoCo Coverage Report,org.apache.commons.math.ode.nonstiff,EulerIntegrator,25,0,0,0,5,0,2,0,2,0
JaCoCo Coverage Report,org.apache.commons.math.ode.nonstiff,ThreeEighthesIntegrator,88,0,0,0,5,0,2,0,2,0
JaCoCo Coverage Report,org.apache.commons.math.ode,DerivativeException,9,0,0,0,4,0,2,0,2,0
JaCoCo Coverage Report,org.apache.commons.math.ode,ContinuousOutputModel,530,0,48,0,108,0,35,0,11,0
JaCoCo Coverage Report,org.apache.commons.math.ode,MultistepIntegrator.InitializationCompletedMarkerException,5,0,0,0,2,0,1,0,1,0
JaCoCo Coverage Report,org.apache.commons.math.ode,MultistepIntegrator.CountingDifferentialEquations,19,0,0,0,6,0,3,0,3,0
JaCoCo Coverage Report,org.apache.commons.math.ode,AbstractIntegrator,256,0,16,0,61,0,28,0,20,0
JaCoCo Coverage Report,org.apache.commons.math.ode,IntegratorException,9,0,0,0,4,0,2,0,2,0
JaCoCo Coverage Report,org.apache.commons.math.ode,MultistepIntegrator,173,0,4,0,41,0,14,0,12,0
JaCoCo Coverage Report,org.apache.commons.math.ode,FirstOrderConverter,75,0,0,0,14,0,3,0,3,0
JaCoCo Coverage Report,org.apache.commons.math.ode,AbstractIntegrator.EndTimeChecker,14,0,0,0,6,0,4,0,4,0
JaCoCo Coverage Report,org.apache.commons.math.ode,MultistepIntegrator.NordsieckInitializer,130,0,6,0,22,0,7,0,4,0
JaCoCo Coverage Report,org.apache.commons.math.optimization.direct,DirectSearchOptimizer,525,0,50,0,104,0,42,0,17,0
JaCoCo Coverage Report,org.apache.commons.math.optimization.direct,MultiDirectional,181,0,14,0,41,0,11,0,4,0
JaCoCo Coverage Report,org.apache.commons.math.optimization.direct,DirectSearchOptimizer.new Comparator() {...},27,0,2,0,5,0,3,0,2,0
JaCoCo Coverage Report,org.apache.commons.math.optimization.direct,NelderMead,373,0,32,0,66,0,19,0,3,0
JaCoCo Coverage Report,org.apache.commons.math.random,GaussianRandomGenerator,10,0,0,0,4,0,2,0,2,0
JaCoCo Coverage Report,org.apache.commons.math.random,UniformRandomGenerator,20,0,0,0,5,0,3,0,3,0
JaCoCo Coverage Report,org.apache.commons.math.random,RandomAdaptor,78,0,6,0,24,0,17,0,14,0
JaCoCo Coverage Report,org.apache.commons.math.random,BitsStreamGenerator,237,0,12,0,51,0,15,0,9,0
JaCoCo Coverage Report,org.apache.commons.math.random,EmpiricalDistributionImpl,457,0,20,0,94,0,24,0,14,0
JaCoCo Coverage Report,org.apache.commons.math.random,UnitSphereRandomVectorGenerator,74,0,6,0,17,0,6,0,3,0
JaCoCo Coverage Report,org.apache.commons.math.random,EmpiricalDistributionImpl.StreamDataAdapter,79,0,4,0,23,0,5,0,3,0
JaCoCo Coverage Report,org.apache.commons.math.random,UncorrelatedRandomVectorGenerator,87,0,4,0,18,0,5,0,3,0
JaCoCo Coverage Report,org.apache.commons.math.random,EmpiricalDistributionImpl.DataAdapterFactory,53,0,4,0,10,0,4,0,2,0
JaCoCo Coverage Report,org.apache.commons.math.random,AbstractRandomGenerator,200,0,22,0,48,0,22,0,11,0
JaCoCo Coverage Report,org.apache.commons.math.random,RandomDataImpl,1045,0,94,0,219,0,70,0,23,0
JaCoCo Coverage Report,org.apache.commons.math.random,CorrelatedRandomVectorGenerator,446,0,38,0,77,0,26,0,7,0
JaCoCo Coverage Report,org.apache.commons.math.random,EmpiricalDistributionImpl.ArrayDataAdapter,65,0,4,0,13,0,5,0,3,0
JaCoCo Coverage Report,org.apache.commons.math.random,MersenneTwister,482,0,28,0,74,0,23,0,9,0
JaCoCo Coverage Report,org.apache.commons.math.random,EmpiricalDistributionImpl.DataAdapter,6,0,0,0,1,0,1,0,1,0
JaCoCo Coverage Report,org.apache.commons.math.random,ValueServer,355,0,25,0,81,0,39,0,24,0
JaCoCo Coverage Report,org.apache.commons.math.random,JDKRandomGenerator,39,0,2,0,9,0,4,0,3,0
JaCoCo Coverage Report,org.apache.commons.math.fraction,FractionField.LazyHolder,6,0,0,0,1,0,1,0,1,0
JaCoCo Coverage Report,org.apache.commons.math.fraction,AbstractFormat,119,0,12,0,38,0,19,0,13,0
JaCoCo Coverage Report,org.apache.commons.math.fraction,BigFractionField,8,0,0,0,4,0,4,0,4,0
JaCoCo Coverage Report,org.apache.commons.math.fraction,FractionConversionException,37,0,0,0,4,0,2,0,2,0
JaCoCo Coverage Report,org.apache.commons.math.fraction,Fraction,888,0,94,0,182,0,78,0,31,0
JaCoCo Coverage Report,org.apache.commons.math.fraction,ProperBigFractionFormat,226,0,27,0,67,0,21,0,7,0
JaCoCo Coverage Report,org.apache.commons.math.fraction,FractionField,8,0,0,0,4,0,4,0,4,0
JaCoCo Coverage Report,org.apache.commons.math.fraction,BigFractionField.LazyHolder,6,0,0,0,1,0,1,0,1,0
JaCoCo Coverage Report,org.apache.commons.math.fraction,ProperFractionFormat,219,0,19,0,63,0,17,0,7,0
JaCoCo Coverage Report,org.apache.commons.math.fraction,BigFraction,1058,0,84,0,216,0,97,0,55,0
JaCoCo Coverage Report,org.apache.commons.math.fraction,BigFractionFormat,243,0,21,0,63,0,25,0,14,0
JaCoCo Coverage Report,org.apache.commons.math.fraction,FractionFormat,209,0,13,0,56,0,21,0,14,0
JaCoCo Coverage Report,org.apache.commons.math.optimization.univariate,BrentOptimizer,351,0,48,0,74,0,29,0,5,0
JaCoCo Coverage Report,org.apache.commons.math.optimization.univariate,AbstractUnivariateRealOptimizer,81,0,4,0,25,0,12,0,10,0
JaCoCo Coverage Report,org.apache.commons.math.stat.descriptive.summary,Product,135,0,10,0,36,0,16,0,11,0
JaCoCo Coverage Report,org.apache.commons.math.stat.descriptive.summary,SumOfSquares,103,0,6,0,29,0,12,0,9,0
JaCoCo Coverage Report,org.apache.commons.math.stat.descriptive.summary,SumOfLogs,94,0,6,0,29,0,12,0,9,0
JaCoCo Coverage Report,org.apache.commons.math.stat.descriptive.summary,Sum,135,0,10,0,36,0,16,0,11,0
JaCoCo Coverage Report,org.apache.commons.math.complex,ComplexField.LazyHolder,6,0,0,0,1,0,1,0,1,0
JaCoCo Coverage Report,org.apache.commons.math.complex,ComplexFormat,337,0,30,0,90,0,37,0,21,0
JaCoCo Coverage Report,org.apache.commons.math.complex,ComplexUtils,26,0,2,0,4,0,2,0,1,0
JaCoCo Coverage Report,org.apache.commons.math.complex,ComplexField,8,0,0,0,4,0,4,0,4,0
JaCoCo Coverage Report,org.apache.commons.math.complex,Complex,875,0,116,0,165,0,93,0,35,0
JaCoCo Coverage Report,org.apache.commons.math.linear,NonSquareMatrixException,16,0,0,0,3,0,1,0,1,0
JaCoCo Coverage Report,org.apache.commons.math.linear,AbstractRealVector.new Iterator() {...},46,0,2,0,7,0,5,0,4,0
JaCoCo Coverage Report,org.apache.commons.math.linear,AbstractRealMatrix,2102,0,194,0,380,0,153,0,56,0
JaCoCo Coverage Report,org.apache.commons.math.linear,Array2DRowRealMatrix,1188,0,94,0,216,0,81,0,34,0
JaCoCo Coverage Report,org.apache.commons.math.linear,MatrixUtils.FractionMatrixConverter,26,0,0,0,7,0,4,0,4,0
JaCoCo Coverage Report,org.apache.commons.math.linear,OpenMapRealVector.OpenMapEntry,27,0,0,0,7,0,4,0,4,0
JaCoCo Coverage Report,org.apache.commons.math.linear,FieldLUDecompositionImpl,483,0,54,0,81,0,34,0,7,0
JaCoCo Coverage Report,org.apache.commons.math.linear,LUDecompositionImpl,442,0,54,0,85,0,35,0,8,0
JaCoCo Coverage Report,org.apache.commons.math.linear,MatrixUtils,1040,0,82,0,199,0,79,0,38,0
JaCoCo Coverage Report,org.apache.commons.math.linear,BlockFieldMatrix,4483,0,264,0,745,0,184,0,52,0
JaCoCo Coverage Report,org.apache.commons.math.linear,SingularMatrixException,6,0,0,0,2,0,1,0,1,0
JaCoCo Coverage Report,org.apache.commons.math.linear,SparseFieldMatrix,256,0,10,0,53,0,18,0,13,0
JaCoCo Coverage Report,org.apache.commons.math.linear,SingularValueDecompositionImpl,498,0,38,0,75,0,31,0,12,0
JaCoCo Coverage Report,org.apache.commons.math.linear,ArrayRealVector,2193,0,182,0,412,0,195,0,104,0
JaCoCo Coverage Report,org.apache.commons.math.linear,ArrayFieldVector,1495,0,76,0,271,0,105,0,67,0
JaCoCo Coverage Report,org.apache.commons.math.linear,CholeskyDecompositionImpl.Solver,457,0,38,0,70,0,26,0,7,0
JaCoCo Coverage Report,org.apache.commons.math.linear,OpenMapRealMatrix,439,0,22,0,99,0,28,0,17,0
JaCoCo Coverage Report,org.apache.commons.math.linear,OpenMapRealVector,1498,0,152,0,362,0,138,0,62,0
JaCoCo Coverage Report,org.apache.commons.math.linear,CholeskyDecompositionImpl,221,0,22,0,45,0,17,0,6,0
JaCoCo Coverage Report,org.apache.commons.math.linear,MatrixUtils.BigFractionMatrixConverter,26,0,0,0,7,0,4,0,4,0
JaCoCo Coverage Report,org.apache.commons.math.linear,AbstractRealMatrix.new RealMatrixPreservingVisitor() {...},23,0,0,0,6,0,4,0,4,0
JaCoCo Coverage Report,org.apache.commons.math.linear,AbstractRealMatrix.new RealMatrixPreservingVisitor() {...},44,0,2,0,11,0,5,0,4,0
JaCoCo Coverage Report,org.apache.commons.math.linear,SingularValueDecompositionImpl.Solver,81,0,6,0,17,0,9,0,6,0
JaCoCo Coverage Report,org.apache.commons.math.linear,QRDecompositionImpl.Solver,548,0,44,0,89,0,29,0,7,0
JaCoCo Coverage Report,org.apache.commons.math.linear,AbstractRealMatrix.new DefaultRealMatrixPreservingVisitor() {...},16,0,0,0,3,0,2,0,2,0
JaCoCo Coverage Report,org.apache.commons.math.linear,AbstractRealMatrix.new DefaultRealMatrixPreservingVisitor() {...},30,0,0,0,6,0,3,0,3,0
JaCoCo Coverage Report,org.apache.commons.math.linear,AbstractRealMatrix.new DefaultRealMatrixChangingVisitor() {...},24,0,0,0,2,0,2,0,2,0
JaCoCo Coverage Report,org.apache.commons.math.linear,DefaultRealMatrixChangingVisitor,8,0,0,0,4,0,4,0,4,0
JaCoCo Coverage Report,org.apache.commons.math.linear,EigenDecompositionImpl,940,0,88,0,159,0,59,0,15,0
JaCoCo Coverage Report,org.apache.commons.math.linear,DefaultFieldMatrixPreservingVisitor,11,0,0,0,6,0,4,0,4,0
JaCoCo Coverage Report,org.apache.commons.math.linear,MatrixIndexException,5,0,0,0,2,0,1,0,1,0
JaCoCo Coverage Report,org.apache.commons.math.linear,AbstractFieldMatrix,2446,0,222,0,424,0,172,0,61,0
JaCoCo Coverage Report,org.apache.commons.math.linear,BiDiagonalTransformer,985,0,110,0,155,0,65,0,10,0
JaCoCo Coverage Report,org.apache.commons.math.linear,AbstractFieldMatrix.new DefaultFieldMatrixPreservingVisitor() {...},31,0,0,0,6,0,3,0,3,0
JaCoCo Coverage Report,org.apache.commons.math.linear,AbstractFieldMatrix.new DefaultFieldMatrixChangingVisitor() {...},25,0,0,0,2,0,2,0,2,0
JaCoCo Coverage Report,org.apache.commons.math.linear,AbstractFieldMatrix.new DefaultFieldMatrixPreservingVisitor() {...},17,0,0,0,3,0,2,0,2,0
JaCoCo Coverage Report,org.apache.commons.math.linear,AbstractRealVector,1226,0,102,0,287,0,146,0,95,0
JaCoCo Coverage Report,org.apache.commons.math.linear,RealMatrixImpl,1188,0,94,0,216,0,81,0,34,0
JaCoCo Coverage Report,org.apache.commons.math.linear,RealVector.Entry,10,0,0,0,4,0,3,0,3,0
JaCoCo Coverage Report,org.apache.commons.math.linear,SingularValueDecompositionImpl.new DefaultRealMatrixPreservingVisitor() {...},23,0,0,0,3,0,2,0,2,0
JaCoCo Coverage Report,org.apache.commons.math.linear,NotPositiveDefiniteMatrixException,6,0,0,0,2,0,1,0,1,0
JaCoCo Coverage Report,org.apache.commons.math.linear,DefaultFieldMatrixChangingVisitor,12,0,0,0,6,0,4,0,4,0
JaCoCo Coverage Report,org.apache.commons.math.linear,MatrixVisitorException,5,0,0,0,2,0,1,0,1,0
JaCoCo Coverage Report,org.apache.commons.math.linear,BlockRealMatrix,4499,0,278,0,746,0,193,0,54,0
JaCoCo Coverage Report,org.apache.commons.math.linear,EigenDecompositionImpl.Solver,389,0,42,0,71,0,27,0,6,0
JaCoCo Coverage Report,org.apache.commons.math.linear,BigMatrixImpl,2766,0,248,0,517,0,185,0,61,0
JaCoCo Coverage Report,org.apache.commons.math.linear,TriDiagonalTransformer,562,0,46,0,86,0,31,0,8,0
JaCoCo Coverage Report,org.apache.commons.math.linear,OpenMapRealVector.OpenMapSparseIterator,34,0,0,0,8,0,4,0,4,0
JaCoCo Coverage Report,org.apache.commons.math.linear,NotSymmetricMatrixException,6,0,0,0,2,0,1,0,1,0
JaCoCo Coverage Report,org.apache.commons.math.linear,AbstractRealVector.SparseEntryIterator,94,0,14,0,22,0,12,0,5,0
JaCoCo Coverage Report,org.apache.commons.math.linear,FieldLUDecompositionImpl.Solver,582,0,54,0,85,0,34,0,7,0
JaCoCo Coverage Report,org.apache.commons.math.linear,AbstractRealVector.EntryImpl,22,0,0,0,6,0,3,0,3,0
JaCoCo Coverage Report,org.apache.commons.math.linear,InvalidMatrixException,9,0,0,0,4,0,2,0,2,0
JaCoCo Coverage Report,org.apache.commons.math.linear,LUDecompositionImpl.Solver,509,0,52,0,79,0,33,0,7,0
JaCoCo Coverage Report,org.apache.commons.math.linear,Array2DRowFieldMatrix,1239,0,94,0,216,0,81,0,34,0
JaCoCo Coverage Report,org.apache.commons.math.linear,DefaultRealMatrixPreservingVisitor,7,0,0,0,4,0,4,0,4,0
JaCoCo Coverage Report,org.apache.commons.math.linear,QRDecompositionImpl,411,0,42,0,67,0,27,0,6,0
JaCoCo Coverage Report,org.apache.commons.math.linear,RealVectorFormat,275,0,24,0,68,0,29,0,17,0
JaCoCo Coverage Report,org.apache.commons.math.linear,SparseFieldVector,1215,0,100,0,271,0,104,0,54,0
JaCoCo Coverage Report,org.apache.commons.math.stat.descriptive.rank,Median,8,0,0,0,4,0,2,0,2,0
JaCoCo Coverage Report,org.apache.commons.math.stat.descriptive.rank,Percentile,186,0,16,0,46,0,18,0,10,0
JaCoCo Coverage Report,org.apache.commons.math.stat.descriptive.rank,Min,105,0,12,0,29,0,15,0,9,0
JaCoCo Coverage Report,org.apache.commons.math.stat.descriptive.rank,Max,105,0,12,0,29,0,15,0,9,0
JaCoCo Coverage Report,org.apache.commons.math.analysis.solvers,UnivariateRealSolverUtils.LazyHolder,3,0,0,0,1,0,1,0,1,0
JaCoCo Coverage Report,org.apache.commons.math.analysis.solvers,BrentSolver,536,0,56,0,111,0,37,0,9,0
JaCoCo Coverage Report,org.apache.commons.math.analysis.solvers,NewtonSolver,94,0,4,0,23,0,8,0,6,0
JaCoCo Coverage Report,org.apache.commons.math.analysis.solvers,UnivariateRealSolverUtils,208,0,22,0,33,0,17,0,6,0
JaCoCo Coverage Report,org.apache.commons.math.analysis.solvers,BisectionSolver,92,0,6,0,23,0,9,0,6,0
JaCoCo Coverage Report,org.apache.commons.math.analysis.solvers,UnivariateRealSolverFactoryImpl,22,0,0,0,7,0,6,0,6,0
JaCoCo Coverage Report,org.apache.commons.math.analysis.solvers,MullerSolver,613,0,62,0,105,0,39,0,8,0
JaCoCo Coverage Report,org.apache.commons.math.analysis.solvers,SecantSolver,219,0,20,0,51,0,16,0,6,0
JaCoCo Coverage Report,org.apache.commons.math.analysis.solvers,RiddersSolver,262,0,26,0,62,0,19,0,6,0
JaCoCo Coverage Report,org.apache.commons.math.analysis.solvers,UnivariateRealSolverImpl,228,0,22,0,53,0,27,0,16,0
JaCoCo Coverage Report,org.apache.commons.math.analysis.solvers,UnivariateRealSolverFactory,7,0,0,0,3,0,2,0,2,0
JaCoCo Coverage Report,org.apache.commons.math.analysis.solvers,LaguerreSolver,633,0,54,0,125,0,38,0,11,0
JaCoCo Coverage Report,org.apache.commons.math.analysis,ComposableFunction.new ComposableFunction() {...},6,0,0,0,2,0,2,0,2,0
JaCoCo Coverage Report,org.apache.commons.math.analysis,ComposableFunction.new ComposableFunction() {...},6,0,0,0,2,0,2,0,2,0
JaCoCo Coverage Report,org.apache.commons.math.analysis,ComposableFunction.new ComposableFunction() {...},7,0,0,0,2,0,2,0,2,0
JaCoCo Coverage Report,org.apache.commons.math.analysis,ComposableFunction.new ComposableFunction() {...},6,0,0,0,2,0,2,0,2,0
JaCoCo Coverage Report,org.apache.commons.math.analysis,BinaryFunction,40,0,0,0,9,0,4,0,4,0
JaCoCo Coverage Report,org.apache.commons.math.analysis,ComposableFunction.new ComposableFunction() {...},6,0,0,0,2,0,2,0,2,0
JaCoCo Coverage Report,org.apache.commons.math.analysis,ComposableFunction.new ComposableFunction() {...},6,0,0,0,2,0,2,0,2,0
JaCoCo Coverage Report,org.apache.commons.math.analysis,ComposableFunction.new ComposableFunction() {...},6,0,0,0,2,0,2,0,2,0
JaCoCo Coverage Report,org.apache.commons.math.analysis,ComposableFunction.new ComposableFunction() {...},6,0,0,0,2,0,2,0,2,0
JaCoCo Coverage Report,org.apache.commons.math.analysis,ComposableFunction.new ComposableFunction() {...},6,0,0,0,2,0,2,0,2,0
JaCoCo Coverage Report,org.apache.commons.math.analysis,ComposableFunction.new ComposableFunction() {...},6,0,0,0,2,0,2,0,2,0
JaCoCo Coverage Report,org.apache.commons.math.analysis,ComposableFunction.new ComposableFunction() {...},6,0,0,0,2,0,2,0,2,0
JaCoCo Coverage Report,org.apache.commons.math.analysis,ComposableFunction.new ComposableFunction() {...},6,0,0,0,2,0,2,0,2,0
JaCoCo Coverage Report,org.apache.commons.math.analysis,ComposableFunction.new ComposableFunction() {...},17,0,0,0,2,0,2,0,2,0
JaCoCo Coverage Report,org.apache.commons.math.analysis,ComposableFunction.new ComposableFunction() {...},17,0,0,0,2,0,2,0,2,0
JaCoCo Coverage Report,org.apache.commons.math.analysis,ComposableFunction.new ComposableFunction() {...},6,0,0,0,2,0,2,0,2,0
JaCoCo Coverage Report,org.apache.commons.math.analysis,ComposableFunction.new ComposableFunction() {...},6,0,0,0,2,0,2,0,2,0
JaCoCo Coverage Report,org.apache.commons.math.analysis,ComposableFunction.new ComposableFunction() {...},6,0,0,0,2,0,2,0,2,0
JaCoCo Coverage Report,org.apache.commons.math.analysis,ComposableFunction.new ComposableFunction() {...},6,0,0,0,2,0,2,0,2,0
JaCoCo Coverage Report,org.apache.commons.math.analysis,ComposableFunction.new ComposableFunction() {...},6,0,0,0,2,0,2,0,2,0
JaCoCo Coverage Report,org.apache.commons.math.analysis,ComposableFunction.new ComposableFunction() {...},6,0,0,0,2,0,2,0,2,0
JaCoCo Coverage Report,org.apache.commons.math.analysis,ComposableFunction.new ComposableFunction() {...},6,0,0,0,2,0,2,0,2,0
JaCoCo Coverage Report,org.apache.commons.math.analysis,ComposableFunction.new ComposableFunction() {...},6,0,0,0,2,0,2,0,2,0
JaCoCo Coverage Report,org.apache.commons.math.analysis,ComposableFunction.new ComposableFunction() {...},6,0,0,0,2,0,2,0,2,0
JaCoCo Coverage Report,org.apache.commons.math.analysis,ComposableFunction.new ComposableFunction() {...},6,0,0,0,2,0,2,0,2,0
JaCoCo Coverage Report,org.apache.commons.math.analysis,ComposableFunction.new ComposableFunction() {...},5,0,0,0,2,0,2,0,2,0
JaCoCo Coverage Report,org.apache.commons.math.analysis,ComposableFunction.new ComposableFunction() {...},6,0,0,0,2,0,2,0,2,0
JaCoCo Coverage Report,org.apache.commons.math.analysis,ComposableFunction.new ComposableFunction() {...},6,0,0,0,2,0,2,0,2,0
JaCoCo Coverage Report,org.apache.commons.math.analysis,ComposableFunction.new ComposableFunction() {...},5,0,0,0,2,0,2,0,2,0
JaCoCo Coverage Report,org.apache.commons.math.analysis,ComposableFunction.new ComposableFunction() {...},5,0,0,0,2,0,2,0,2,0
JaCoCo Coverage Report,org.apache.commons.math.analysis,ComposableFunction.new ComposableFunction() {...},24,0,0,0,2,0,2,0,2,0
JaCoCo Coverage Report,org.apache.commons.math.analysis,ComposableFunction.new ComposableFunction() {...},19,0,0,0,2,0,2,0,2,0
JaCoCo Coverage Report,org.apache.commons.math.analysis,ComposableFunction.new ComposableFunction() {...},19,0,0,0,2,0,2,0,2,0
JaCoCo Coverage Report,org.apache.commons.math.analysis,ComposableFunction.new ComposableFunction() {...},19,0,0,0,2,0,2,0,2,0
JaCoCo Coverage Report,org.apache.commons.math.analysis,ComposableFunction.new ComposableFunction() {...},17,0,0,0,2,0,2,0,2,0
JaCoCo Coverage Report,org.apache.commons.math.analysis,ComposableFunction.new MultivariateRealFunction() {...},42,0,2,0,5,0,3,0,2,0
JaCoCo Coverage Report,org.apache.commons.math.analysis,ComposableFunction.new ComposableFunction() {...},17,0,0,0,2,0,2,0,2,0
JaCoCo Coverage Report,org.apache.commons.math.analysis,ComposableFunction.new ComposableFunction() {...},19,0,0,0,2,0,2,0,2,0
JaCoCo Coverage Report,org.apache.commons.math.analysis,BinaryFunction.new BinaryFunction() {...},7,0,0,0,2,0,2,0,2,0
JaCoCo Coverage Report,org.apache.commons.math.analysis,BinaryFunction.new ComposableFunction() {...},16,0,0,0,2,0,2,0,2,0
JaCoCo Coverage Report,org.apache.commons.math.analysis,BinaryFunction.new ComposableFunction() {...},16,0,0,0,2,0,2,0,2,0
JaCoCo Coverage Report,org.apache.commons.math.analysis,BinaryFunction.new BinaryFunction() {...},7,0,0,0,2,0,2,0,2,0
JaCoCo Coverage Report,org.apache.commons.math.analysis,BinaryFunction.new BinaryFunction() {...},7,0,0,0,2,0,2,0,2,0
JaCoCo Coverage Report,org.apache.commons.math.analysis,BinaryFunction.new BinaryFunction() {...},7,0,0,0,2,0,2,0,2,0
JaCoCo Coverage Report,org.apache.commons.math.analysis,BinaryFunction.new BinaryFunction() {...},7,0,0,0,2,0,2,0,2,0
JaCoCo Coverage Report,org.apache.commons.math.analysis,BinaryFunction.new BinaryFunction() {...},7,0,0,0,2,0,2,0,2,0
JaCoCo Coverage Report,org.apache.commons.math.analysis,ComposableFunction,189,0,0,0,41,0,15,0,15,0
JaCoCo Coverage Report,org.apache.commons.math.stat.descriptive,AggregateSummaryStatistics.AggregatingSummaryStatistics,58,0,8,0,16,0,8,0,4,0
JaCoCo Coverage Report,org.apache.commons.math.stat.descriptive,MultivariateSummaryStatistics,728,0,44,0,143,0,58,0,36,0
JaCoCo Coverage Report,org.apache.commons.math.stat.descriptive,DescriptiveStatistics,730,0,20,0,149,0,58,0,48,0
JaCoCo Coverage Report,org.apache.commons.math.stat.descriptive,SummaryStatistics,898,0,58,0,187,0,67,0,38,0
JaCoCo Coverage Report,org.apache.commons.math.stat.descriptive,StatisticalSummaryValues,147,0,16,0,33,0,18,0,10,0
JaCoCo Coverage Report,org.apache.commons.math.stat.descriptive,AbstractStorelessUnivariateStatistic,114,0,18,0,25,0,16,0,7,0
JaCoCo Coverage Report,org.apache.commons.math.stat.descriptive,SynchronizedDescriptiveStatistics,75,0,0,0,29,0,15,0,15,0
JaCoCo Coverage Report,org.apache.commons.math.stat.descriptive,AggregateSummaryStatistics,334,0,24,0,71,0,29,0,17,0
JaCoCo Coverage Report,org.apache.commons.math.stat.descriptive,AbstractUnivariateStatistic,168,0,28,0,36,0,18,0,4,0
JaCoCo Coverage Report,org.apache.commons.math.stat.descriptive,SynchronizedSummaryStatistics,139,0,0,0,55,0,35,0,35,0
JaCoCo Coverage Report,org.apache.commons.math.stat.descriptive,SynchronizedMultivariateSummaryStatistics,104,0,0,0,41,0,31,0,31,0
JaCoCo Coverage Report,org.apache.commons.math.stat.descriptive.moment,GeometricMean,103,0,4,0,32,0,15,0,13,0
JaCoCo Coverage Report,org.apache.commons.math.stat.descriptive.moment,ThirdMoment,105,0,2,0,27,0,8,0,7,0
JaCoCo Coverage Report,org.apache.commons.math.stat.descriptive.moment,FourthMoment,109,0,2,0,27,0,8,0,7,0
JaCoCo Coverage Report,org.apache.commons.math.stat.descriptive.moment,SemiVariance.Direction,37,0,0,0,7,0,3,0,3,0
JaCoCo Coverage Report,org.apache.commons.math.stat.descriptive.moment,VectorialMean,125,0,16,0,27,0,14,0,6,0
JaCoCo Coverage Report,org.apache.commons.math.stat.descriptive.moment,VectorialCovariance,274,0,28,0,52,0,21,0,7,0
JaCoCo Coverage Report,org.apache.commons.math.stat.descriptive.moment,SecondMoment,71,0,2,0,21,0,8,0,7,0
JaCoCo Coverage Report,org.apache.commons.math.stat.descriptive.moment,SemiVariance,239,0,14,0,55,0,25,0,18,0
JaCoCo Coverage Report,org.apache.commons.math.stat.descriptive.moment,FirstMoment,104,0,2,0,32,0,9,0,8,0
JaCoCo Coverage Report,org.apache.commons.math.stat.descriptive.moment,Mean,181,0,12,0,44,0,18,0,12,0
JaCoCo Coverage Report,org.apache.commons.math.stat.descriptive.moment,Kurtosis,255,0,16,0,50,0,18,0,10,0
JaCoCo Coverage Report,org.apache.commons.math.stat.descriptive.moment,StandardDeviation,129,0,0,0,34,0,17,0,17,0
JaCoCo Coverage Report,org.apache.commons.math.stat.descriptive.moment,Variance,477,0,46,0,108,0,44,0,21,0
JaCoCo Coverage Report,org.apache.commons.math.stat.descriptive.moment,Skewness,238,0,16,0,52,0,18,0,10,0
JaCoCo Coverage Report,org.apache.commons.math.optimization,LeastSquaresConverter,230,0,18,0,41,0,13,0,4,0
JaCoCo Coverage Report,org.apache.commons.math.optimization,MultiStartMultivariateRealOptimizer.new Comparator() {...},39,0,8,0,9,0,6,0,2,0
JaCoCo Coverage Report,org.apache.commons.math.optimization,MultiStartDifferentiableMultivariateVectorialOptimizer.new Comparator() {...},67,0,8,0,12,0,7,0,3,0
JaCoCo Coverage Report,org.apache.commons.math.optimization,MultiStartDifferentiableMultivariateVectorialOptimizer,200,0,8,0,48,0,16,0,12,0
JaCoCo Coverage Report,org.apache.commons.math.optimization,MultiStartDifferentiableMultivariateRealOptimizer,198,0,8,0,48,0,16,0,12,0
JaCoCo Coverage Report,org.apache.commons.math.optimization,MultiStartUnivariateRealOptimizer,450,0,34,0,93,0,37,0,20,0
JaCoCo Coverage Report,org.apache.commons.math.optimization,SimpleScalarValueChecker,51,0,4,0,13,0,5,0,3,0
JaCoCo Coverage Report,org.apache.commons.math.optimization,SimpleRealPointChecker,67,0,6,0,16,0,6,0,3,0
JaCoCo Coverage Report,org.apache.commons.math.optimization,GoalType,24,0,0,0,3,0,1,0,1,0
JaCoCo Coverage Report,org.apache.commons.math.optimization,SimpleVectorialPointChecker,67,0,6,0,18,0,6,0,3,0
JaCoCo Coverage Report,org.apache.commons.math.optimization,MultiStartMultivariateRealOptimizer,181,0,8,0,44,0,15,0,11,0
JaCoCo Coverage Report,org.apache.commons.math.optimization,OptimizationException,9,0,0,0,4,0,2,0,2,0
JaCoCo Coverage Report,org.apache.commons.math.optimization,RealPointValuePair,37,0,2,0,11,0,6,0,5,0
JaCoCo Coverage Report,org.apache.commons.math.optimization,MultiStartDifferentiableMultivariateRealOptimizer.new Comparator() {...},39,0,8,0,9,0,6,0,2,0
JaCoCo Coverage Report,org.apache.commons.math.optimization,VectorialPointValuePair,37,13,4,0,8,4,7,1,5,1
JaCoCo Coverage Report,org.apache.commons.math.optimization,SimpleVectorialValueChecker,58,9,6,0,14,4,5,1,2,1
JaCoCo Coverage Report,org.apache.commons.math.stat.correlation,PearsonsCorrelation,388,0,30,0,75,0,28,0,13,0
JaCoCo Coverage Report,org.apache.commons.math.stat.correlation,Covariance,247,0,16,0,51,0,22,0,14,0
JaCoCo Coverage Report,org.apache.commons.math.stat.correlation,SpearmansCorrelation,125,0,6,0,27,0,12,0,9,0
JaCoCo Coverage Report,org.apache.commons.math.ode.events,CombinedEventsManager,248,0,34,0,63,0,28,0,11,0
JaCoCo Coverage Report,org.apache.commons.math.ode.events,EventState,435,0,60,0,90,0,41,0,11,0
JaCoCo Coverage Report,org.apache.commons.math.ode.events,EventState.new UnivariateRealFunction() {...},36,0,0,0,7,0,2,0,2,0
JaCoCo Coverage Report,org.apache.commons.math.ode.events,EventException,9,0,0,0,4,0,2,0,2,0
JaCoCo Coverage Report,org.apache.commons.math.analysis.interpolation,SplineInterpolator,392,0,16,0,42,0,10,0,2,0
JaCoCo Coverage Report,org.apache.commons.math.analysis.interpolation,TricubicSplineInterpolatingFunction,18093,0,80,0,106,0,45,0,5,0
JaCoCo Coverage Report,org.apache.commons.math.analysis.interpolation,LoessInterpolator,698,0,60,0,124,0,41,0,11,0
JaCoCo Coverage Report,org.apache.commons.math.analysis.interpolation,MicrosphereInterpolatingFunction.MicrosphereSurfaceElement,37,0,2,0,13,0,7,0,6,0
JaCoCo Coverage Report,org.apache.commons.math.analysis.interpolation,BicubicSplineFunction,379,0,30,0,63,0,24,0,9,0
JaCoCo Coverage Report,org.apache.commons.math.analysis.interpolation,SmoothingPolynomialBicubicSplineInterpolator,241,0,28,0,42,0,18,0,4,0
JaCoCo Coverage Report,org.apache.commons.math.analysis.interpolation,TricubicSplineInterpolator,587,0,54,0,79,0,31,0,4,0
JaCoCo Coverage Report,org.apache.commons.math.analysis.interpolation,NevilleInterpolator,9,0,0,0,2,0,2,0,2,0
JaCoCo Coverage Report,org.apache.commons.math.analysis.interpolation,BicubicSplineInterpolator,308,0,34,0,45,0,21,0,4,0
JaCoCo Coverage Report,org.apache.commons.math.analysis.interpolation,SmoothingBicubicSplineInterpolator,372,0,42,0,55,0,25,0,4,0
JaCoCo Coverage Report,org.apache.commons.math.analysis.interpolation,BicubicSplineFunction.new BivariateRealFunction() {...},67,0,0,0,7,0,2,0,2,0
JaCoCo Coverage Report,org.apache.commons.math.analysis.interpolation,BicubicSplineFunction.new BivariateRealFunction() {...},67,0,0,0,7,0,2,0,2,0
JaCoCo Coverage Report,org.apache.commons.math.analysis.interpolation,BicubicSplineFunction.new BivariateRealFunction() {...},63,0,0,0,6,0,2,0,2,0
JaCoCo Coverage Report,org.apache.commons.math.analysis.interpolation,BicubicSplineFunction.new BivariateRealFunction() {...},63,0,0,0,6,0,2,0,2,0
JaCoCo Coverage Report,org.apache.commons.math.analysis.interpolation,BicubicSplineFunction.new BivariateRealFunction() {...},63,0,0,0,6,0,2,0,2,0
JaCoCo Coverage Report,org.apache.commons.math.analysis.interpolation,TricubicSplineFunction,262,0,24,0,31,0,14,0,2,0
JaCoCo Coverage Report,org.apache.commons.math.analysis.interpolation,DividedDifferenceInterpolator,111,0,6,0,19,0,6,0,3,0
JaCoCo Coverage Report,org.apache.commons.math.analysis.interpolation,BicubicSplineInterpolatingFunction,1891,0,52,0,97,0,38,0,12,0
JaCoCo Coverage Report,org.apache.commons.math.analysis.interpolation,MicrosphereInterpolatingFunction,235,0,24,0,42,0,15,0,3,0
JaCoCo Coverage Report,org.apache.commons.math.analysis.interpolation,MicrosphereInterpolator,67,0,4,0,18,0,7,0,5,0
JaCoCo Coverage Report,org.apache.commons.math.stat.ranking,TiesStrategy,54,0,0,0,6,0,1,0,1,0
JaCoCo Coverage Report,org.apache.commons.math.stat.ranking,NaturalRanking.IntDoublePair,21,0,0,0,7,0,4,0,4,0
JaCoCo Coverage Report,org.apache.commons.math.stat.ranking,NaNStrategy,44,0,0,0,5,0,1,0,1,0
JaCoCo Coverage Report,org.apache.commons.math.stat.ranking,NaturalRanking,539,0,53,0,128,0,47,0,17,0
